# id	left	top	right	bottom	texture_id
[SPRITES]

2	40	32	56	48	11

#HUD UI
31000	3	3	234	30	38

#black_background_of_HUD
60050	0	0	750	150	36
60051	0	0	750	150	36
60052	0	0	750	150	36

#POWER
#rectangle power black and white
31001	55	10	62	16	38
31002	3	33	10	40	38
#P power white & black
31003	12	33	25	40	38
31004	104	10	117	17	38

#FONT 0-9
31010	33	31	40	40	38
31011	43	31	50	40	38
31012	53	31	60	40	38
31013	63	31	70	40	38
31014	73	31	80	40	38
31015	83	31	90	40	38
31016	93	31	100	40	38
31017	103	31	110	40	38
31018	113	31	120	40	38
31019	123	31	130	40	38
#M SYMBOL

31005	8	43	23	48	38

#CARD 
31006	187	33	210	60	38
31007	211	33	234	60	38
31008	235	33	258	60	38

#SPRITE NULL
31009	65	14	75	22	41

#SPRITE GAME OVER
31020	5	6	132	69	41
#ARROW
31021	45	46	50	53	41


#DIALOGS
31022	133	0	260	55	42

[ANIMATIONS]

#UI HUD
30000	31000	100

30001	31001	100

30002	31002	100
30003	31003	100	31004	100
30005	31005	100
#FONT 0-9
30010	31010	100
30011	31011	100
30012	31012	100
30013	31013	100
30014	31014	100
30015	31015	100
30016	31016	100
30017	31017	100
30018	31018	100
30019	31019	100

#CARD
30021	31006	100
30022	31007	100
30023	31008	100

#black_background_of_HUD
30024	60050	100	60051	100	60052	100

30031	31006	600	2	300
30032	31007	600	2	300
30033	31008	600	2	300
#GAME_OVER
30025	31020	100
#NULL
30026	31009	100
#ARROW
30027	31021	100
#HUD_SUB
#30028	31022	100
