# id	left	top	right	bottom	texture_id
[SPRITES]
90000	300	117	315	132	20
90001	318	117	333	132	20
90002	336	117	351	132	20
90003	354	117	369	132	20
90004	372	117	387	132	20

#special brick without a question
90011	300	135	315	150	20
90012	318	135	333	150	20
90013	336	135	351	150	20
90014	354	135	369	150	20
90015	372	135	387	150	20

# button P
90020	1174	86	1189	101	31
90021	1191	86	1206	101	31
90022	1208	86	1223	101	31

90023	1225	96	1240	101	31

# ani_id	sprite1_id	time1	sprite2_id	time2	...
[ANIMATIONS]
12000	90000	300	90001	300	90002	300	90003	300
12001	90004	300
12010	90011	300	90012	300	90013	300	90014	300	90015	300
12020	90020	300	90021	300	90022	300
12021	90023	300