# list of object assets to load in this scene
[ASSETS]
mario.txt
coin.txt
cloud.txt
brick.txt
platform.txt
leaf.txt
mushroom.txt
questionbrick.txt
plain.txt
firebullet.txt
Koopa.txt
goomba.txt
effect.txt
hud.txt
#
[OBJECTS]
# type	x	y	extra_settings per object type
# type: 0 = Mario , 1 = Brick, 2 = Goomba
# See OBJECT_TYPE constants in AssetIDs.h

#7	140	140	16	16	26	51000	52000	53000

7	60	157	42	0	3	67000	68000	69000

7	190	180	5	0	3	67001	67002	67003
7	206	180	5	0	3	67001	67002	67003
7	221	180	5	0	3	67001	67002	67003

#small trees

7	755	162	5	0	3	67001	67002	67003
7	771	162	5	0	3	67001	67002	67003
7	787	162	5	0	3	67001	67002	67003
7	803	162	5	0	3	67001	67002	67003
7	819	162	5	0	3	67001	67002	67003
7	835	162	5	0	3	67001	67002	67003

7	1140	162	5	0	3	67001	67002	67003
7	1156	162	5	0	3	67001	67002	67003

7	1310	180	5	0	3	67001	67002	67003
7	1326	180	5	0	3	67001	67002	67003
7	1342	180	5	0	3	67001	67002	67003

7	1888	180	5	0	3	67001	67002	67003
7	1904	180	5	0	3	67001	67002	67003
7	1920	180	5	0	3	67001	67002	67003


#small cloud
7	150	60	16	0	3	51100	51200	51300
7	400	50	10	0	3	51101	51201	51301


#huge trees
7	930	138	63	0	3	67004	67005	67006

7	2565	138	32	0	3	67014	67025	67036

#dark backgound
7	2713	-20	112	0	3	60026	60027	60028
#trees
7	2055	165	21	0	3	67007	68008	69009

6	1484	141	37	99	3	68151	68251	68351
6	1452	157	37	63	3	68111	68121	68131
#color block green
6	1420	173	37	30	3	68104	68204	68304
6	2346	117	16	145	3	68105	68205	68305



6	310	150	16	80	3	68101	68201	68301

#corlor block pink
6	280	165	16	48	3	68100	68200	68300
6	2313	165	16	48	3	68100	68200	68300


6	585	120	21	80	3	68010	68011	68012

6	540	150	21	80	3	68110	68120	68130

6	592	173	32	30	3	68103	68203	68303

6	480	165	26	48	3	68102	68202	68302

6	1419	-86	21	32	3	68112	68122	68132




# MARIO
0	2500	100

# brick
1	2118	180
1	2134	180
1	2150	180
1	2166	180
1	2182	180
1	2198	180
1	2214	180

1	2134	164
1	2150	164
1	2166	164
1	2182	164
1	2198	164

1	2150	148
1	2166	148
1	2182	148
#1	2198	148

1	2262	180
1	2278	180

1	2262	164



#Koopas
3	650	100	2
3	250	100	1
3	2100	120	2	
#goomba
2	200	150	0
2	260	150	1
2	839	100	0
2	1220	100	0
2	1200	100	0
2	1000	100	1
#BRICK
#1	200	100

#questionbrick
9	166	130	4

9	197	130	2
9	220	50	2


9	742	162	2
9	1620	145	2

9	1547	-110	2

9	2198	148	3
#COIN
4	500	100
4	100	150
4	150	150
4	120	100
4	140	100
4	160	100
4	180	100
4	200	100
4	220	100
4	240	100

4	1180	90
4	1212	58
4	1244	26
4	1276	-6
4	1308	-38

4	1435	-160
4	1451	-160
4	1465	-160

4	1595	-118
4	1577	-118

4	1643	-102
4	1661	-102
4	1679	-102
4	1697	-102

4	1723	-118
4	1741	-118
4	1759	-118
4	1777	-118

4	1805	-86

4	1873	-102
4	1953	-102

4	1841	-118
4	1921	-134
#coin in the underground
4	2387	324
4	2387	308

4	2387	276
4	2387	260

4	2371	244
4	2355	244

4	2371	292
4	2355	292

4	2371	340
4	2355	340

4	2339	324
4	2339	260
#plain
10	415	152	2




#green pipe
5	405	165	10	48	3	60001	60002	60003

5	1953	175	10	30	3	60004	60005	60006
5	2016	165	10	48	3	60001	60002	60003

5	2439	165	10	48	3	60001	60002	60003
5	2439	-23	10	195	3	60007	60008	60009
5	2499	175	10	30	3	60004	60005	60006
#dark flipped pipe
5	2259	220	10	30	3	60030	60031	60032
5	2499	220	10	30	3	60030	60031	60032	
#Platform:
#DeadBlock
11	0	210	16	16	1000	51001	52002	53003

#transparant block


5	0	0	16	16	1	51001	52002	53003
5	0	16	16	16	1	51001	52002	53003
5	0	32	16	16	1	51001	52002	53003
5	0	48	16	16	1	51001	52002	53003
5	0	64	16	16	1	51001	52002	53003
5	0	80	16	16	1	51001	52002	53003
5	0	96	16	16	1	51001	52002	53003
5	0	112	16	16	1	51001	52002	53003
5	0	128	16	16	1	51001	52002	53003
5	0	144	16	16	1	51001	52002	53003
5	0	160	16	16	1	51001	52002	53003
5	0	176	16	16	1	51001	52002	53003
5	0	192	16	16	1	51001	52002	53003
5	0	208	16	16	1	51001	52002	53003

#tall land
5	704	186	16	33	31	61001	62002	63003

#short land
5	0	196	16	17	44	61000	62000	63000
5	1280	196	16	17	24	61000	62000	63000
5	1697	196	16	17	5	61000	62000	63000
5	1830	196	16	17	37	61000	62000	63000
5	2442	196	16	17	35	61000	62000	63000

#5	0	-50	16	17	1000	61000	62000	63000


#block of land
5	1660	115	5	16	3	61004	62005	63006
5	1675	115	5	16	3	61004	62005	63006

5	1724	180	5	16	3	61004	62005	63006
5	1740	180	5	16	3	61004	62005	63006
5	1756	180	5	16	3	61004	62005	63006
5	1740	164	5	16	3	61004	62005	63006
5	1756	164	5	16	3	61004	62005	63006
5	1756	148	5	16	3	61004	62005	63006

5	1824	148	5	16	3	61004	62005	63006
5	1824	164	5	16	3	61004	62005	63006
5	1824	180	5	16	3	61004	62005	63006
5	1840	164	5	16	3	61004	62005	63006
5	1840	180	5	16	3	61004	62005	63006
5	1856	180	5	16	3	61004	62005	63006

5	2436	150	5	16	3	61004	62005	63006
5	2452	150	5	16	3	61004	62005	63006

5	2436	80	5	16	3	61004	62005	63006
5	2452	80	5	16	3	61004	62005	63006
#underground: 
5	2220	380	128	30	3	60013	60014	60015
5	2000	380	128	30	3	60013	60014	60015
5	2300	380	128	30	3	60013	60014	60015

5	2083	300	42	200	3	60010	60011	60012
5	2147	300	42	200	3	60010	60011	60012

5	2317	212	64	15	3	60016	60017	60018

5	2557	404	64	15	3	60016	60017	60018
5	2397	404	64	15	3	60016	60017	60018
5	2220	404	64	15	3	60016	60017	60018
5	2030	404	64	15	3	60016	60017	60018


5	2480	212	5	15	3	60023	60024	60025

5	2546	300	42	200	3	60020	60021	60022
5	2610	300	42	200	3	60020	60021	60022


5	2383	356	5	15	3	60023	60024	60025
5	2399	356	5	15	3	60023	60024	60025
5	2415	356	5	15	3	60023	60024	60025
5	2431	356	5	15	3	60023	60024	60025
5	2447	356	5	15	3	60023	60024	60025
5	2463	356	5	15	3	60023	60024	60025
5	2479	356	5	15	3	60023	60024	60025
5	2495	356	5	15	3	60023	60024	60025
5	2511	356	5	15	3	60023	60024	60025

5	2399	340	5	15	3	60023	60024	60025
5	2415	340	5	15	3	60023	60024	60025
5	2431	340	5	15	3	60023	60024	60025
5	2447	340	5	15	3	60023	60024	60025
5	2463	340	5	15	3	60023	60024	60025
5	2479	340	5	15	3	60023	60024	60025
5	2495	340	5	15	3	60023	60024	60025
5	2511	340	5	15	3	60023	60024	60025

5	2415	324	5	15	3	60023	60024	60025
5	2431	324	5	15	3	60023	60024	60025
5	2447	324	5	15	3	60023	60024	60025
5	2463	324	5	15	3	60023	60024	60025
5	2479	324	5	15	3	60023	60024	60025
5	2495	324	5	15	3	60023	60024	60025
5	2511	324	5	15	3	60023	60024	60025

5	2431	308	5	15	3	60023	60024	60025
5	2447	308	5	15	3	60023	60024	60025
5	2463	308	5	15	3	60023	60024	60025
5	2479	308	5	15	3	60023	60024	60025
5	2495	308	5	15	3	60023	60024	60025
5	2511	308	5	15	3	60023	60024	60025

5	2447	292	5	15	3	60023	60024	60025
5	2463	292	5	15	3	60023	60024	60025
5	2479	292	5	15	3	60023	60024	60025
5	2495	292	5	15	3	60023	60024	60025
5	2511	292	5	15	3	60023	60024	60025

5	2463	276	5	15	3	60023	60024	60025
5	2479	276	5	15	3	60023	60024	60025
5	2495	276	5	15	3	60023	60024	60025
5	2511	276	5	15	3	60023	60024	60025


#Teeth in the sky
5	1515	-38	5	16	3	60033	60034	60035
5	1531	-38	5	16	3	60033	60034	60035
5	1547	-38	5	16	3	60033	60034	60035
5	1563	-38	5	16	3	60033	60034	60035

5	1595	-54	5	16	3	60033	60034	60035
5	1611	-54	5	16	3	60033	60034	60035
5	1627	-54	5	16	3	60033	60034	60035
5	1643	-54	5	16	3	60033	60034	60035
5	1659	-54	5	16	3	60033	60034	60035
5	1675	-54	5	16	3	60033	60034	60035
5	1691	-54	5	16	3	60033	60034	60035
5	1707	-54	5	16	3	60033	60034	60035
5	1723	-54	5	16	3	60033	60034	60035
5	1739	-54	5	16	3	60033	60034	60035
5	1755	-54	5	16	3	60033	60034	60035
5	1771	-54	5	16	3	60033	60034	60035
5	1787	-54	5	16	3	60033	60034	60035

#Portal 
49	2450	-120	1	2265	230
49	2510	240	2	2510	150


